age	voted
46	0
37	1
40	1
41	1
72	1
71	1
37	1
45	0
70	0
43	1
37	1
55	1
30	1
38	0
41	0
66	0
54	1
55	0
62	1
80	1
31	0
80	1
24	1
55	1
59	0
73	1
72	1
50	1
66	1
41	1
52	0
45	0
46	1
66	1
60	1
73	1
71	1
28	1
73	1
NA	1
37	1
56	1
48	1
53	1
72	1
55	1
79	1
38	1
42	1
70	1
50	0
50	1
27	NA
62	0
51	1
60	NA
65	1
NA	1
48	1
55	1
54	1
38	0
80	1
37	1
38	1
60	1
46	1
78	1
39	1
33	1
74	1
61	1
67	0
60	1
NA	1
21	0
49	0
80	1
70	1
70	1
72	1
78	1
43	1
45	0
44	1
50	1
NA	0
33	1
55	0
28	1
34	0
24	1
26	1
75	1
61	1
80	1
58	1
50	1
76	1
80	1
48	0
61	0
45	1
37	1
36	1
80	1
66	1
80	1
66	1
60	1
34	0
80	1
71	1
72	1
57	0
36	1
61	1
58	1
30	1
80	0
NA	1
72	0
38	NA
60	0
52	0
40	0
23	1
54	1
70	1
23	0
66	1
60	1
50	1
62	1
37	1
52	1
52	1
76	1
73	1
42	1
67	1
64	1
55	1
29	1
34	1
45	0
40	1
28	NA
49	1
37	1
80	1
55	NA
80	1
63	NA
66	1
55	0
65	1
69	1
70	1
64	0
62	1
50	1
46	0
67	1
43	NA
30	1
80	1
58	0
29	1
71	1
69	1
80	0
28	1
22	0
72	1
63	1
64	NA
61	0
60	1
48	1
69	1
80	1
77	1
48	1
47	1
43	NA
71	1
31	0
78	1
76	1
46	1
31	0
29	1
69	1
34	0
23	1
61	1
57	1
33	0
NA	1
71	0
50	1
71	0
70	0
22	0
24	0
40	0
49	1
56	0
59	1
63	1
73	1
56	1
41	1
48	1
80	1
36	NA
64	1
28	1
21	0
61	1
64	1
35	1
31	1
24	0
37	0
53	1
34	1
60	1
66	1
70	1
51	1
44	1
60	1
34	0
53	1
37	1
56	0
46	0
38	NA
63	1
29	1
41	NA
54	1
79	1
31	0
50	1
64	1
80	0
60	1
28	NA
46	1
66	1
63	NA
38	1
59	1
64	1
72	1
68	1
28	0
27	1
62	1
70	1
29	1
62	1
60	1
69	1
58	1
47	1
53	1
72	1
35	1
62	1
73	1
28	0
57	1
29	0
39	1
55	1
42	1
67	1
58	1
67	1
58	1
25	1
73	1
30	1
38	1
64	NA
40	1
NA	1
51	1
61	1
59	1
58	1
53	0
75	1
37	1
77	1
NA	0
68	1
66	1
43	0
72	1
50	1
58	1
28	0
59	1
72	1
29	1
60	1
66	1
56	1
40	1
45	1
51	1
68	1
22	1
40	1
63	1
59	1
53	1
80	1
67	1
35	NA
69	1
80	1
62	0
38	0
71	1
80	1
61	1
65	1
30	0
38	1
80	NA
80	1
NA	0
65	1
48	1
38	1
NA	1
67	1
80	1
33	0
76	1
43	NA
32	1
41	0
80	1
45	1
56	1
68	1
73	1
69	1
73	1
43	1
48	0
62	1
41	1
20	0
63	1
34	1
80	NA
76	1
44	1
51	NA
69	1
27	1
48	0
74	1
72	1
60	1
32	1
70	0
50	1
59	1
52	1
67	NA
60	1
24	1
31	0
39	1
73	1
43	1
28	1
70	1
72	1
59	1
35	0
26	1
80	1
76	1
31	0
24	1
53	1
55	1
39	1
32	1
80	1
45	NA
40	1
64	0
40	1
52	1
67	1
72	1
NA	1
79	0
67	1
24	1
43	1
52	1
NA	1
62	0
50	1
28	1
62	1
73	1
33	0
42	0
36	1
41	0
51	1
30	1
NA	1
48	NA
66	1
80	1
49	1
30	1
70	1
65	0
57	1
71	1
31	NA
40	1
66	1
45	NA
68	1
76	1
80	NA
34	NA
44	1
70	1
NA	1
71	1
37	1
31	1
61	1
43	1
53	1
73	1
38	1
73	1
31	0
69	1
NA	1
45	1
41	1
66	1
41	0
62	1
31	0
80	1
46	1
70	1
21	0
77	0
66	0
33	1
46	1
36	1
68	0
71	0
37	1
30	1
79	1
78	1
47	1
72	1
71	1
36	1
35	1
56	0
64	1
41	0
50	1
77	NA
NA	1
31	1
61	1
62	1
57	1
63	1
75	1
52	0
64	1
41	1
51	1
45	1
68	1
73	1
65	1
52	NA
64	1
71	0
38	1
24	1
66	0
50	NA
49	1
40	1
73	1
65	0
34	0
53	1
39	1
71	1
33	0
34	1
59	1
72	1
52	1
53	0
35	1
68	1
54	1
74	1
67	1
46	1
57	1
34	1
56	1
77	1
43	1
66	1
NA	0
60	1
39	1
39	1
NA	1
53	0
71	1
76	1
80	0
76	0
NA	1
49	1
37	0
80	1
72	1
51	1
70	1
45	1
31	1
72	1
71	1
67	1
36	1
58	1
64	1
34	0
36	1
44	1
54	1
28	1
NA	1
77	1
70	1
28	0
30	1
37	1
45	1
68	1
80	0
41	1
32	1
24	0
NA	0
42	1
26	0
50	1
46	1
52	1
35	1
76	1
63	1
39	1
28	1
66	1
45	1
69	1
59	0
79	1
80	1
38	1
74	1
54	0
45	1
42	1
75	1
33	1
40	1
56	1
44	1
80	1
25	1
26	0
75	1
68	1
27	0
46	1
71	0
49	1
57	1
80	1
66	1
43	1
55	1
64	0
80	1
57	1
32	1
53	1
68	1
67	1
26	NA
50	1
33	0
58	1
36	1
46	0
30	0
78	1
70	0
53	1
59	1
39	1
46	1
69	0
80	1
31	1
49	1
41	1
58	1
32	1
22	1
59	1
29	1
69	1
39	0
39	0
64	0
53	1
65	1
36	0
76	1
59	1
51	1
49	1
29	1
29	1
47	1
64	1
66	1
35	1
80	1
59	0
74	1
73	1
29	NA
80	1
NA	1
NA	1
54	0
NA	1
43	1
80	NA
55	1
51	NA
46	0
38	1
62	1
60	NA
43	NA
72	1
80	NA
23	1
68	1
57	1
NA	1
52	0
69	1
NA	0
39	0
72	0
27	1
38	0
49	1
NA	1
68	1
40	1
49	0
26	1
34	1
51	1
23	0
80	1
25	NA
80	1
43	1
59	0
49	1
32	1
69	1
80	0
45	0
43	1
69	0
80	1
55	1
75	1
60	1
75	0
69	1
60	1
59	1
26	1
64	1
64	1
62	1
46	1
72	1
53	1
33	1
61	1
24	0
58	1
47	0
63	0
64	1
55	0
41	1
68	1
80	1
25	1
66	1
63	1
34	0
55	NA
73	1
80	1
45	1
50	1
54	1
70	NA
28	0
43	1
76	1
39	1
50	1
74	1
27	1
76	1
33	1
56	1
71	0
69	1
48	1
57	1
63	1
80	0
38	1
80	0
71	1
58	0
66	1
45	1
31	1
49	1
80	1
NA	NA
61	1
26	1
45	1
32	1
51	1
35	1
56	1
46	1
35	1
42	0
54	0
NA	1
23	1
33	1
73	1
54	0
36	0
25	NA
80	1
69	1
61	1
55	1
79	1
80	1
NA	1
60	1
43	0
41	1
36	1
73	1
75	1
62	1
73	1
33	1
80	1
26	1
52	1
41	1
67	1
65	1
69	1
59	NA
59	NA
NA	1
70	1
58	1
29	1
NA	1
41	1
35	1
36	NA
34	0
53	1
52	1
24	1
41	1
76	1
74	1
79	1
48	1
62	1
54	1
71	1
40	1
36	1
48	1
34	0
58	1
49	1
67	1
57	0
29	1
37	1
79	NA
33	NA
65	1
55	0
68	1
39	1
80	1
50	1
57	1
76	1
71	1
58	1
47	NA
43	1
22	1
69	0
64	1
73	0
32	1
30	1
47	1
35	1
66	1
42	1
25	1
31	1
39	0
63	1
54	0
64	1
62	0
59	1
74	1
48	1
66	1
73	0
30	1
63	1
69	1
61	1
43	1
68	1
58	1
58	NA
65	1
78	0
54	1
72	1
69	1
52	1
59	1
30	1
41	NA
36	1
80	1
45	1
57	0
70	1
53	1
53	1
51	1
80	1
50	0
57	1
41	1
37	1
76	NA
80	1
63	1
80	1
40	1
53	NA
37	1
63	0
31	NA
29	1
55	NA
74	1
63	1
65	1
26	1
63	1
39	1
56	1
28	1
50	NA
45	1
35	0
73	1
37	0
53	0
27	1
45	1
45	NA
40	0
32	1
58	1
70	1
78	1
71	0
58	1
62	1
27	1
23	0
41	1
57	1
45	1
57	1
26	1
66	0
63	1
65	1
63	1
34	1
60	1
50	1
45	1
34	1
NA	1
41	1
62	1
46	1
43	1
80	0
35	NA
71	0
31	1
30	0
38	1
67	1
60	1
27	NA
67	1
34	1
34	1
NA	1
46	1
43	1
74	NA
51	1
51	1
66	1
70	1
70	0
NA	0
66	1
32	1
54	1
23	1
41	1
30	NA
43	1
41	NA
78	1
55	1
80	1
58	1
50	NA
33	1
24	1
80	1
NA	1
48	1
63	1
36	1
NA	0
50	1
62	1
80	1
66	0
43	1
NA	1
39	1
71	1
64	1
52	1
36	1
51	NA
56	1
65	0
21	NA
41	0
37	1
72	1
42	1
79	1
32	1
43	1
23	1
36	1
60	1
29	1
66	0
78	1
70	1
80	NA
33	1
27	1
61	1
35	0
41	1
30	1
72	1
33	1
35	1
33	1
74	1
38	1
80	1
46	1
30	NA
57	NA
50	0
24	0
80	0
59	1
74	1
39	0
75	1
30	1
NA	1
80	1
31	1
69	0
56	1
75	1
65	1
29	0
72	1
60	NA
25	1
78	NA
60	1
53	1
66	1
35	1
61	1
45	1
70	1
78	1
63	1
40	NA
51	1
NA	1
41	1
80	1
25	1
41	0
29	1
57	1
51	1
31	1
58	1
53	1
45	0
54	1
55	1
76	1
53	1
56	1
49	1
NA	1
55	1
72	1
57	1
30	1
37	1
74	1
38	1
68	1
75	1
71	1
68	1
32	1
50	1
65	1
35	1
26	NA
37	1
78	1
42	1
42	1
71	0
58	0
57	1
61	1
37	1
49	0
80	0
34	0
71	1
42	1
62	1
63	1
27	1
38	1
33	1
63	1
38	0
72	1
26	1
35	1
61	1
58	0
39	0
54	1
52	1
69	1
60	1
67	1
47	1
67	1
57	1
31	1
73	1
70	1
80	1
61	1
41	1
68	1
32	1
65	0
28	1
33	1
30	0
64	1
61	1
49	1
62	1
39	0
NA	1
66	1
62	1
80	NA
62	1
47	NA
42	1
34	1
NA	1
60	0
54	1
35	0
73	0
80	1
64	0
32	1
56	1
68	1
67	1
67	1
52	1
58	NA
57	1
39	1
23	1
63	1
NA	1
37	1
69	0
42	1
66	1
69	1
72	1
38	NA
66	1
58	1
27	0
28	1
50	1
25	1
53	1
80	1
NA	0
70	NA
64	1
59	1
77	1
49	1
51	1
69	1
69	1
30	0
31	0
26	1
68	1
67	0
46	1
40	1
23	0
72	1
38	1
76	1
73	1
34	1
36	1
80	1
76	1
66	1
74	1
44	1
30	1
61	1
79	1
23	1
38	0
75	1
29	1
33	1
59	0
72	1
49	NA
52	NA
52	1
41	1
NA	1
52	1
67	1
53	1
34	1
71	1
28	0
66	1
69	1
46	0
42	0
24	1
53	1
47	1
41	1
80	1
72	1
31	1
21	1
42	1
40	1
80	1
76	1
71	1
38	1
33	0
41	1
62	1
73	1
28	1
21	0
64	1
58	1
26	1
23	0
61	1
50	1
67	1
35	1
68	1
61	1
32	1
78	1
65	1
19	1
25	1
75	1
32	NA
29	1
74	1
70	NA
57	1
80	1
38	1
21	1
71	NA
46	1
72	1
62	1
40	1
50	NA
43	1
59	1
27	0
36	1
31	1
22	0
66	1
44	1
72	1
31	NA
67	0
65	NA
71	1
NA	1
42	1
49	1
59	1
67	1
77	1
36	1
61	1
66	0
41	1
64	1
37	1
80	0
72	1
37	1
43	0
28	1
36	1
23	1
77	1
73	1
45	1
27	1
NA	1
38	1
51	1
30	1
80	1
58	1
72	1
26	1
NA	0
57	1
37	1
39	0
54	NA
33	1
64	1
72	1
61	1
60	1
73	0
59	1
37	1
48	1
58	1
59	1
64	NA
71	1
NA	1
66	0
39	0
64	1
69	1
38	1
68	1
40	0
30	1
30	0
64	0
69	1
62	1
22	0
53	NA
53	1
39	NA
41	1
64	1
66	1
64	1
53	1
70	1
55	1
53	0
38	0
35	0
37	1
50	0
56	1
43	1
27	0
36	0
51	1
37	1
52	1
61	1
42	1
69	1
80	1
80	0
NA	1
56	NA
35	1
55	0
47	0
80	1
50	1
61	1
43	1
50	1
53	1
59	1
69	1
39	1
60	1
47	1
50	NA
80	0
57	1
34	0
59	1
80	1
63	1
36	1
31	1
76	1
61	0
63	1
51	1
40	1
46	NA
48	1
45	1
50	1
62	1
24	0
67	1
48	0
39	1
25	1
69	1
25	1
66	1
61	1
62	1
38	1
24	NA
80	1
32	1
64	NA
74	1
30	0
63	1
41	1
67	1
72	1
22	1
45	1
52	0
39	0
44	1
37	1
39	1
54	1
73	1
NA	NA
56	1
60	0
29	1
NA	1
65	1
49	1
80	1
80	1
58	1
50	NA
42	1
57	1
38	1
56	1
47	1
31	1
27	0
25	0
NA	1
49	1
35	1
62	1
33	1
49	1
64	1
38	1
NA	1
NA	0
30	1
36	1
80	NA
42	1
76	1
37	1
49	1
27	1
73	0
80	1
35	1
59	1
62	1
38	1
75	0
62	1
51	1
24	0
73	1
72	1
79	0
41	1
24	1
35	1
54	NA
42	0
32	0
61	1
29	0
61	1
41	NA
62	1
72	1
52	0
77	1
49	0
25	1
77	1
31	1
NA	1
28	1
26	1
32	0
78	1
45	1
58	1
34	1
56	1
80	0
27	0
40	0
39	1
75	1
50	0
34	1
39	0
23	1
70	1
56	1
36	0
46	1
25	1
52	1
31	1
49	NA
30	0
73	1
66	0
35	1
61	1
79	1
41	0
NA	0
54	1
22	1
22	0
46	1
41	0
64	1
71	1
76	0
36	1
27	1
54	1
27	1
52	1
50	1
73	1
62	0
41	1
34	1
36	1
64	1
53	0
40	1
68	1
73	1
67	1
40	1
62	1
35	1
72	NA
71	0
56	1
41	NA
24	1
67	1
72	1
70	1
30	1
59	1
61	1
63	1
24	1
34	1
34	0
38	1
78	1
62	1
61	1
44	0
79	1
62	1
72	1
73	1
77	1
29	1
51	1
70	1
70	1
67	1
44	1
73	1
65	1
56	1
60	0
47	1
49	NA
43	1
62	1
61	NA
44	1
25	0
43	1
54	1
31	0
60	1
35	1
47	1
80	1
54	1
28	1
60	1
63	1
69	1
NA	NA
62	1
NA	1
41	0
55	1
33	1
21	1
36	1
43	1
63	1
45	1
37	0
32	1
42	1
64	1
35	NA
34	1
48	1
39	1
59	0
69	1
51	1
80	NA
48	1
32	1
52	0
NA	1
54	1
72	1
64	1
60	1
59	1
51	1
39	1
24	0
80	1
44	1
67	NA
NA	NA
52	0
41	1
69	1
71	1
61	1
28	1
43	1
36	1
77	1
65	1
61	1
80	1
30	1
51	1
63	0
48	1
73	1
26	1
74	1
42	0
49	0
27	NA
53	1
64	0
61	1
26	1
66	1
NA	1
29	NA
57	1
66	1
25	1
36	0
31	1
70	1
42	0
75	1
57	1
NA	1
61	1
63	1
80	1
80	1
58	1
50	0
38	0
64	1
62	0
64	1
45	1
59	0
75	0
80	0
23	0
55	1
63	1
80	1
61	1
74	0
41	1
34	1
42	1
64	1
38	1
32	NA
53	1
65	0
80	1
71	1
66	1
63	1
55	1
55	NA
46	1
65	0
49	1
69	1
NA	1
57	1
80	NA
55	1
78	1
26	1
66	1
41	1
29	NA
79	1
71	1
24	0
63	1
42	1
43	1
66	1
56	0
68	1
60	NA
NA	1
58	NA
79	1
36	1
36	1
80	1
74	1
65	1
58	1
50	1
28	1
55	1
80	1
56	1
39	0
29	0
33	0
58	1
71	0
NA	1
35	1
49	1
73	1
43	NA
30	1
NA	NA
71	0
47	0
28	0
80	1
55	0
73	1
62	1
51	1
67	1
NA	1
80	1
30	1
58	1
27	0
48	1
60	1
45	1
40	1
37	1
27	1
49	1
80	1
54	1
44	1
59	1
46	1
69	1
39	0
77	1
80	1
29	NA
72	1
50	1
38	1
53	1
63	1
70	1
50	1
26	1
75	0
NA	1
49	1
63	1
77	1
65	1
56	1
72	1
25	1
80	0
69	1
NA	NA
23	1
56	1
35	1
80	1
64	0
65	0
62	1
54	1
70	1
38	1
54	1
72	1
75	0
66	1
52	1
56	1
70	1
68	1
25	1
22	0
63	0
80	1
55	1
35	1
41	1
68	1
43	1
68	0
80	1
64	NA
24	1
62	1
58	0
32	1
36	1
29	NA
67	1
60	1
41	1
25	0
30	0
63	1
67	0
47	1
54	1
71	0
45	1
63	1
42	1
55	1
63	0
73	1
62	1
50	1
49	1
58	1
77	1
80	1
78	1
69	1
49	1
79	1
68	1
57	1
26	0
78	1
34	0
54	0
46	0
72	1
49	1
51	1
69	1
68	NA
68	1
33	1
29	0
59	1
42	1
67	1
63	1
24	0
42	NA
41	1
24	1
30	NA
65	1
41	0
24	0
78	1
33	1
35	0
42	NA
29	1
74	1
23	NA
39	1
69	1
30	1
29	1
46	1
54	1
61	1
39	1
68	1
73	1
25	1
65	1
25	0
72	1
67	1
29	0
NA	1
34	1
27	1
63	1
80	1
49	0
55	1
40	0
46	1
76	1
61	1
37	1
80	1
39	0
64	1
34	0
80	1
47	1
39	NA
74	1
62	1
58	1
67	1
77	1
42	1
53	1
65	1
49	1
39	0
69	1
58	1
77	1
45	0
39	NA
42	1
41	1
49	0
39	1
75	1
52	1
71	1
61	1
80	1
60	1
68	1
50	1
67	1
27	0
28	1
67	1
66	1
42	0
62	1
37	1
47	1
52	NA
58	1
73	1
75	1
51	1
24	0
71	1
68	1
NA	1
61	1
65	0
80	1
40	0
57	0
50	1
80	1
75	1
30	1
65	1
46	1
44	0
35	1
80	1
48	0
39	1
35	1
31	1
31	1
25	1
30	1
75	1
62	1
72	1
44	0
NA	1
80	1
79	1
65	1
30	1
44	1
52	1
47	1
56	1
38	1
24	1
32	1
62	1
36	1
50	1
77	1
48	1
35	1
NA	1
59	1
43	1
39	1
55	1
40	1
46	1
80	1
41	1
72	1
27	1
28	1
80	1
71	1
44	0
46	1
44	1
53	1
54	0
36	1
50	1
27	NA
57	1
28	1
47	0
61	1
71	1
62	1
22	1
63	1
71	0
77	1
65	1
55	1
44	1
76	1
61	1
70	1
77	1
80	1
78	1
54	1
71	1
45	0
34	1
40	0
80	1
33	1
53	1
66	1
37	1
71	1
47	1
80	1
62	NA
52	1
58	0
69	1
57	NA
45	1
55	1
33	1
56	1
67	1
61	1
75	1
37	1
23	1
43	1
48	1
80	1
44	1
80	1
41	0
80	1
69	1
37	1
53	1
48	0
40	1
26	1
55	1
73	1
60	1
63	1
58	1
40	1
63	1
34	1
77	1
68	1
66	1
39	1
31	1
67	1
78	0
49	1
43	1
38	1
51	1
33	1
60	1
60	1
50	1
45	1
73	1
64	NA
31	0
35	1
29	1
47	1
34	0
31	1
63	1
36	1
41	1
80	1
53	0
55	NA
54	1
67	1
61	0
25	1
NA	1
63	1
43	1
53	1
64	1
NA	NA
NA	1
56	1
41	1
35	1
78	0
54	1
65	0
36	1
59	1
61	1
39	1
33	1
43	1
27	1
34	1
73	1
34	NA
60	1
50	1
NA	1
48	1
71	0
23	NA
33	1
65	1
22	0
54	1
NA	1
51	1
52	1
NA	NA
64	1
55	1
41	1
37	0
43	1
76	1
72	NA
37	NA
59	0
50	1
57	0
44	1
38	NA
39	1
28	1
42	0
63	1
77	1
59	0
64	1
75	1
60	1
25	0
75	1
27	1
NA	1
37	1
25	0
66	1
64	1
60	0
26	0
69	1
21	1
67	1
23	1
62	1
63	1
39	1
80	1
23	NA
72	0
51	1
62	1
49	0
64	1
50	1
39	1
46	0
34	0
54	1
61	1
64	1
62	0
35	1
43	1
58	0
68	1
78	1
48	0
80	1
46	1
71	1
64	1
23	1
44	0
50	1
27	0
54	1
45	0
68	1
23	0
23	1
77	1
72	1
71	NA
71	1
56	1
NA	1
NA	0
62	1
35	1
70	1
29	1
71	1
36	1
66	1
58	1
71	1
42	0
77	1
43	1
59	1
32	1
66	1
61	NA
80	1
42	1
80	1
43	1
72	1
80	1
35	1
52	1
73	1
55	1
35	1
59	1
55	NA
38	1
51	1
69	1
33	0
74	1
32	1
79	1
76	1
70	1
62	1
60	1
35	0
40	1
80	1
40	1
25	NA
43	1
59	1
57	NA
80	1
80	1
70	1
38	1
73	1
47	1
37	1
48	1
33	1
65	1
60	1
67	1
NA	1
72	1
22	1
55	1
62	1
38	1
52	1
45	1
40	1
68	1
53	1
63	1
80	1
55	1
71	1
62	1
64	NA
62	1
41	1
24	0
71	1
39	NA
39	NA
NA	1
56	1
51	1
79	1
35	1
40	1
73	1
49	1
44	1
57	1
22	1
80	1
55	0
69	1
65	1
29	1
39	0
23	0
47	1
32	1
60	1
22	0
35	0
39	1
27	0
28	0
34	1
58	1
40	1
29	1
75	1
40	0
42	1
62	1
44	1
57	1
59	1
57	1
36	NA
60	0
62	1
24	1
55	1
77	1
80	1
27	1
51	1
58	0
NA	1
66	1
46	1
32	1
49	NA
40	1
42	1
80	1
29	1
53	0
34	1
32	0
68	1
37	1
72	0
62	1
40	1
80	1
34	1
80	1
71	1
61	1
51	1
50	1
38	1
67	1
63	1
49	1
67	1
60	1
27	0
26	1
50	1
52	0
72	1
35	0
73	1
61	NA
59	1
59	1
NA	NA
56	1
31	0
42	1
37	1
67	1
79	1
49	1
37	1
70	1
58	0
25	NA
42	1
25	1
80	NA
55	0
57	1
44	1
56	1
55	0
63	1
40	0
60	1
55	1
70	1
52	1
35	1
47	1
62	1
35	0
70	1
43	1
54	1
36	1
39	1
38	1
44	1
41	1
40	1
41	1
44	1
63	1
77	1
26	1
68	1
80	1
58	1
NA	0
43	1
37	1
46	1
31	0
74	1
29	0
51	1
36	1
80	NA
35	1
61	1
23	1
47	1
62	0
45	1
72	1
69	1
73	1
76	1
55	1
70	NA
71	1
72	1
58	1
35	1
70	1
71	1
61	1
NA	1
67	1
50	1
32	1
33	1
NA	1
51	1
54	1
32	1
58	0
50	1
59	1
43	0
34	1
54	0
55	1
56	0
38	1
80	1
65	1
65	1
62	1
44	1
33	1
45	1
55	1
36	1
31	0
46	1
43	1
37	1
38	1
55	1
76	1
71	1
30	0
77	0
71	1
53	1
50	1
48	1
37	1
53	0
68	1
45	0
80	1
65	0
30	1
66	1
38	0
40	0
42	0
24	1
65	1
68	1
75	1
54	1
39	1
62	1
43	1
38	1
60	1
58	1
80	1
68	NA
NA	1
80	1
35	NA
40	1
64	1
31	NA
62	1
63	1
55	1
45	1
64	1
36	0
59	1
25	1
43	0
NA	1
51	1
52	0
37	1
49	1
45	0
26	1
39	0
68	1
72	1
47	NA
59	1
63	1
68	1
79	NA
40	1
47	1
56	1
40	1
25	1
54	1
45	1
33	0
61	1
51	1
63	1
50	1
22	0
29	0
76	1
64	1
63	1
39	0
42	1
24	1
63	1
75	1
66	1
50	1
63	1
38	1
57	1
28	1
35	1
58	0
59	1
57	1
68	1
22	1
26	1
69	1
66	0
67	1
NA	0
41	1
41	1
36	1
55	1
62	1
36	0
24	1
32	0
43	1
68	1
37	1
44	1
68	1
74	1
37	1
26	1
64	1
26	1
39	0
71	1
72	1
63	1
30	1
40	1
38	1
61	1
28	1
76	1
80	1
63	1
57	1
42	1
47	1
50	1
68	1
65	1
NA	1
29	1
31	1
45	1
58	1
66	0
37	1
28	1
76	1
31	1
64	1
71	1
30	1
65	NA
70	1
73	1
37	0
62	1
37	NA
76	0
72	0
50	1
57	1
25	0
69	1
40	1
30	0
38	1
51	1
68	1
57	1
55	1
55	1
68	1
26	NA
59	1
57	1
52	1
69	1
52	1
66	1
55	1
39	1
34	NA
77	NA
41	1
61	1
59	1
25	1
37	0
68	1
29	1
60	1
58	1
74	1
28	1
63	1
55	1
24	1
24	1
58	1
70	1
65	1
40	NA
66	1
60	1
NA	1
28	NA
33	1
53	NA
36	1
80	0
21	1
29	1
80	1
26	1
25	1
52	0
61	0
29	1
56	1
38	1
NA	1
63	1
54	1
80	1
47	0
24	1
50	0
25	NA
24	1
57	1
62	1
34	0
41	0
42	1
37	1
34	NA
73	1
22	1
80	1
73	1
78	1
27	1
NA	0
80	1
49	NA
68	0
60	0
65	1
21	1
21	1
73	1
66	1
35	1
34	1
60	1
43	0
80	1
28	1
26	1
23	0
69	1
63	0
48	1
55	1
26	1
44	NA
31	1
62	NA
30	1
60	NA
34	1
52	1
52	1
41	NA
40	NA
73	1
NA	1
80	1
68	NA
36	1
59	1
39	NA
60	1
24	0
NA	0
80	1
33	1
62	1
43	0
NA	1
80	1
46	0
NA	1
68	NA
58	1
67	1
61	1
34	1
80	0
45	NA
30	1
80	1
60	1
76	1
47	0
50	0
57	NA
35	0
41	1
26	1
NA	1
44	0
80	1
77	1
65	0
79	1
70	0
27	NA
29	1
73	1
20	1
44	0
72	1
46	1
54	NA
69	0
48	1
NA	1
40	1
78	1
49	1
77	1
65	1
58	0
58	1
31	1
35	1
56	1
58	1
22	1
54	NA
49	1
68	0
80	1
NA	1
52	1
44	1
60	1
59	0
62	1
70	1
67	1
40	1
43	1
74	1
56	1
35	0
27	NA
24	1
32	1
58	1
32	0
33	NA
NA	1
NA	0
80	0
71	1
69	1
NA	0
26	0
63	1
77	1
56	0
NA	0
47	1
45	1
36	0
80	1
19	1
NA	0
44	1
NA	1
34	1
30	1
71	1
69	1
69	1
34	0
46	0
64	1
55	NA
63	1
71	1
19	1
47	1
48	1
34	1
49	1
66	NA
40	1
53	NA
50	1
35	1
55	1
NA	1
59	1
34	0
49	1
64	1
29	NA
53	1
56	1
57	0
56	0
65	0
66	1
68	1
60	1
60	1
59	1
34	NA
33	1
55	1
NA	1
67	1
42	0
59	1
73	1
NA	0
54	1
66	1
NA	1
56	1
75	1
78	1
65	0
44	1
64	1
67	1
48	1
68	1
NA	1
54	NA
80	1
27	1
55	0
27	1
65	1
67	1
51	1
44	NA
45	1
29	1
54	1
80	1
72	1
49	1
31	1
66	1
80	1
47	1
60	0
80	1
80	1
68	NA
60	0
51	1
76	0
28	1
45	NA
23	NA
69	1
76	1
61	1
33	1
59	1
75	1
41	NA
35	1
39	1
48	1
72	NA
74	1
71	1
76	1
28	0
26	1
68	1
46	1
47	1
28	0
23	1
65	1
40	0
73	1
41	1
52	1
47	1
26	NA
80	1
80	NA
61	0
27	NA
59	1
44	1
26	0
37	1
55	1
80	1
19	NA
70	0
27	0
NA	1
57	1
66	0
60	1
47	1
77	1
49	1
54	1
64	1
28	NA
61	1
54	1
25	1
29	1
24	1
77	NA
30	1
40	NA
68	0
65	1
33	0
39	0
32	0
60	1
37	1
71	1
63	1
41	1
40	0
80	1
49	NA
69	1
34	NA
54	NA
80	1
NA	0
64	0
50	1
49	1
62	1
26	1
28	1
39	1
49	1
66	1
56	1
73	1
20	1
73	1
49	1
69	1
50	1
54	1
54	1
65	1
80	1
23	0
33	0
NA	NA
43	1
49	0
25	1
30	1
51	1
75	1
74	1
64	1
33	1
37	NA
73	1
64	NA
50	NA
53	NA
26	NA
59	NA
NA	1
53	0
25	0
80	1
40	1
31	1
72	1
22	1
71	NA
NA	1
52	1
39	1
59	1
67	1
61	1
41	1
56	1
65	1
64	1
25	1
72	0
39	1
64	NA
73	NA
23	1
72	NA
19	0
42	1
26	0
19	0
77	1
46	1
35	1
66	1
68	1
63	1
40	1
26	0
80	1
53	1
35	1
34	1
66	NA
30	1
80	0
72	1
31	0
80	1
25	1
55	1
59	NA
80	1
51	1
63	0
64	0
63	1
75	0
32	0
80	0
68	1
22	1
25	1
47	1
30	1
61	0
43	NA
55	1
32	1
71	1
53	0
70	1
42	1
71	1
21	1
71	1
41	0
42	1
66	1
44	1
NA	NA
38	0
35	1
28	1
NA	1
65	1
33	1
76	1
21	NA
79	1
41	1
30	0
56	NA
49	NA
43	1
49	1
20	0
63	1
57	NA
48	1
58	1
68	1
27	1
41	0
62	0
NA	1
58	1
80	1
35	1
66	1
66	1
71	0
80	1
34	1
63	1
23	1
63	NA
59	1
43	1
69	1
37	1
51	NA
69	1
24	1
62	1
61	1
69	1
46	0
72	1
30	0
66	0
26	NA
66	1
60	NA
54	1
74	1
39	1
NA	0
60	1
22	1
69	1
59	1
65	1
50	1
50	1
23	0
55	NA
57	1
56	1
70	1
38	0
75	1
36	1
49	1
28	1
56	0
28	1
69	1
67	1
18	0
80	1
36	1
74	1
66	0
41	1
29	1
42	1
74	1
33	0
33	1
56	1
61	1
29	1
47	1
51	NA
24	1
66	1
53	1
57	0
49	1
46	1
37	0
39	1
18	0
79	1
39	1
67	1
NA	1
40	0
36	0
65	1
31	0
67	1
23	1
75	1
29	1
26	0
41	1
57	1
59	1
NA	0
23	NA
25	1
57	1
68	1
80	1
58	0
38	0
NA	1
54	1
57	1
77	1
42	1
58	1
70	1
35	0
50	0
66	NA
80	1
58	1
47	1
29	1
60	NA
74	1
49	1
73	1
40	NA
52	NA
73	1
36	0
52	1
53	1
35	0
27	NA
32	NA
41	1
77	NA
50	1
43	1
NA	1
46	0
80	0
36	1
48	1
29	0
66	1
69	1
80	1
61	NA
50	1
39	1
29	0
66	1
53	1
36	1
64	1
35	0
34	0
54	1
28	1
66	1
32	0
56	1
40	0
68	1
80	1
74	1
31	1
28	1
75	1
44	1
27	0
74	1
38	1
64	1
56	1
72	1
63	1
31	1
27	1
58	1
38	1
53	1
58	1
51	1
41	0
18	NA
38	1
72	1
51	NA
37	0
73	1
51	1
80	1
71	1
21	1
NA	NA
53	1
79	1
37	NA
74	1
57	0
80	NA
56	0
61	1
30	1
31	NA
66	0
74	1
78	1
28	NA
78	1
68	1
66	1
31	NA
22	0
79	1
54	1
51	NA
63	1
60	0
63	1
27	1
52	1
49	1
38	1
40	1
32	1
29	1
79	1
80	1
71	1
24	1
44	0
59	1
NA	1
38	1
36	NA
60	1
38	0
39	0
71	1
29	0
42	1
80	1
52	1
49	0
69	1
60	0
69	NA
69	1
27	0
30	0
56	1
33	1
32	NA
65	1
51	NA
73	1
79	NA
20	0
24	0
20	1
35	1
23	1
57	1
66	1
62	0
65	1
67	1
49	0
36	1
27	NA
26	0
59	1
61	NA
30	1
25	NA
38	1
51	1
80	1
NA	0
80	1
NA	NA
37	1
43	1
65	1
76	1
56	1
39	1
40	0
80	1
27	NA
36	1
28	1
NA	NA
62	1
59	1
74	1
71	0
28	0
44	1
45	NA
80	1
59	1
69	1
47	1
60	NA
39	1
80	1
58	1
62	1
48	1
35	1
43	0
48	NA
37	0
43	1
53	NA
59	1
24	1
80	1
55	1
50	1
22	1
57	NA
78	1
20	1
79	0
42	1
55	1
18	0
18	1
NA	1
36	1
57	0
61	1
21	0
54	1
38	NA
73	0
39	1
67	1
75	1
74	NA
45	NA
39	1
80	1
74	1
41	1
50	1
32	0
47	1
46	0
62	1
45	1
52	1
52	1
70	1
52	1
74	0
66	NA
66	1
70	1
18	1
24	1
55	1
53	1
40	1
39	1
NA	1
52	1
54	1
39	1
64	0
30	0
31	1
37	NA
40	0
80	1
62	1
33	1
37	1
52	1
48	1
36	1
33	1
68	0
65	NA
51	1
25	0
62	1
54	1
22	NA
NA	NA
80	1
48	1
37	0
34	NA
79	1
80	1
72	1
69	1
41	1
68	1
63	1
54	1
58	1
69	1
65	1
46	1
62	NA
29	NA
61	NA
52	1
55	1
27	0
60	1
56	1
NA	0
69	1
66	1
46	0
65	1
50	1
50	1
29	1
35	1
61	1
51	1
29	1
67	1
53	1
62	1
62	1
30	1
NA	1
55	1
31	1
53	1
66	0
80	1
59	1
68	0
49	1
70	1
36	1
49	1
19	1
38	1
NA	NA
25	NA
66	1
42	1
79	NA
NA	1
NA	1
52	NA
34	1
30	1
47	0
66	0
58	NA
73	1
26	1
80	0
50	1
26	NA
54	0
31	1
34	1
30	1
68	0
78	NA
30	1
71	1
55	1
18	1
29	1
55	1
49	0
37	1
48	1
60	1
74	1
63	1
71	0
48	1
70	1
60	0
38	1
42	1
42	NA
64	1
53	1
49	1
80	1
69	0
79	1
65	NA
45	1
32	1
65	1
29	1
80	1
58	1
18	0
NA	1
75	0
20	1
35	1
62	1
65	1
66	0
76	1
54	1
55	1
45	1
71	0
73	0
39	1
37	1
35	1
NA	1
59	1
40	1
36	NA
32	1
24	1
65	1
71	1
73	1
23	1
43	1
67	1
74	1
55	1
33	1
68	0
65	1
38	1
72	1
57	0
NA	NA
33	1
22	0
37	NA
69	1
44	0
75	NA
44	0
23	0
19	1
66	1
63	1
NA	1
62	0
60	0
44	NA
59	1
42	1
38	NA
30	1
27	1
66	1
55	1
34	NA
72	1
18	0
80	0
28	0
57	NA
71	1
70	1
38	1
46	0
44	1
79	1
43	1
43	1
NA	1
61	1
61	1
38	NA
60	1
23	1
41	1
49	1
39	1
32	0
46	1
43	1
58	0
25	1
37	0
60	0
34	0
37	1
69	NA
40	1
43	1
21	1
64	0
46	1
41	1
32	1
67	1
NA	0
80	NA
73	1
36	1
76	1
80	1
21	0
77	1
47	NA
29	1
42	0
43	1
45	0
NA	1
49	1
75	0
80	NA
39	1
73	1
26	1
59	1
25	1
28	1
22	1
40	0
47	NA
56	1
32	1
78	1
72	1
34	1
70	1
26	1
27	1
74	1
64	0
80	1
58	1
56	1
68	1
78	1
NA	1
20	0
33	0
80	1
50	NA
62	NA
35	0
63	1
70	1
27	1
62	1
29	1
61	1
19	1
27	0
73	NA
31	1
50	1
60	NA
55	1
30	0
25	0
20	1
NA	NA
47	0
61	1
29	1
70	1
56	1
59	1
73	1
71	1
32	1
79	NA
NA	1
49	1
43	1
39	1
46	0
47	0
72	1
78	NA
68	1
47	1
74	1
NA	NA
73	0
31	1
60	1
54	0
54	1
76	1
67	0
59	1
30	1
67	NA
62	1
24	1
20	1
59	1
54	0
59	1
39	0
28	0
47	1
61	1
37	1
40	NA
70	0
69	1
64	0
48	1
54	1
74	1
28	0
39	NA
57	NA
44	0
80	NA
31	1
43	1
36	1
80	1
53	1
65	NA
37	1
48	1
56	1
40	NA
34	NA
32	1
30	1
34	0
80	1
46	1
64	1
44	1
38	1
76	1
42	1
24	0
28	1
52	1
32	1
62	1
41	1
19	0
74	1
40	1
26	1
52	NA
46	1
41	1
24	0
46	1
34	1
76	1
71	0
52	1
78	1
56	1
NA	1
38	0
63	1
65	1
44	0
62	1
29	1
38	NA
34	NA
56	1
55	1
67	NA
34	1
80	1
30	1
55	1
30	1
66	0
31	1
41	1
71	0
60	1
58	1
36	1
60	1
NA	NA
NA	1
77	1
28	NA
40	1
61	1
45	1
21	1
27	1
28	1
37	1
24	0
72	1
60	1
29	1
70	1
65	1
60	1
64	1
61	0
62	1
70	1
40	1
36	1
41	NA
68	1
56	1
29	0
58	1
NA	1
80	NA
25	1
72	1
47	0
50	NA
53	NA
50	0
46	0
60	1
66	1
26	0
71	1
40	1
75	1
49	1
57	1
36	NA
29	0
57	1
57	0
36	1
74	1
63	1
42	1
NA	1
28	0
69	1
56	1
23	1
62	1
58	0
23	NA
34	1
62	NA
28	NA
54	1
NA	1
20	1
76	NA
54	1
71	1
20	0
44	0
NA	1
30	1
NA	1
43	NA
NA	0
58	1
75	1
58	0
71	1
64	1
NA	0
66	1
44	1
NA	0
75	1
38	NA
26	1
69	1
51	1
53	NA
29	1
46	1
30	0
33	0
65	0
72	1
31	1
80	1
39	1
35	0
26	1
37	1
80	1
34	1
66	1
36	1
34	NA
63	1
29	NA
60	1
NA	NA
73	1
25	NA
55	1
27	1
22	1
77	1
26	1
19	NA
NA	NA
76	NA
60	1
64	1
19	1
42	1
80	1
65	1
57	NA
NA	NA
80	1
39	1
76	1
44	1
29	0
59	1
37	1
66	1
71	1
35	1
47	1
40	1
80	0
19	1
19	1
38	1
73	1
41	1
54	1
69	NA
21	1
20	1
48	1
72	1
80	1
42	1
26	0
41	NA
35	0
53	1
77	0
25	0
66	1
63	1
40	0
69	1
48	0
29	1
37	1
24	1
28	0
NA	1
37	1
68	0
70	1
80	1
66	1
46	1
19	0
NA	1
60	1
57	0
58	1
76	1
80	0
22	NA
75	1
58	1
51	0
23	0
47	1
73	1
48	1
66	1
47	1
67	1
62	1
40	1
41	1
74	1
38	1
65	1
46	1
35	1
71	1
51	1
NA	0
80	NA
NA	1
52	1
62	0
39	0
74	1
19	1
70	1
28	0
56	1
62	1
27	1
45	1
24	1
65	1
76	1
19	0
39	1
65	NA
36	1
45	1
69	1
21	1
46	0
44	1
60	1
67	1
77	1
57	1
37	0
71	1
28	0
49	1
57	1
49	1
70	0
32	NA
77	1
47	1
80	0
30	1
33	0
61	1
29	1
65	1
28	1
36	1
71	0
35	1
50	1
NA	1
NA	1
68	1
NA	1
55	1
26	NA
60	1
39	1
51	1
55	1
58	1
70	1
27	1
52	0
28	1
40	1
38	1
46	1
33	1
69	1
44	1
53	1
71	0
67	1
59	1
67	1
26	0
43	1
51	0
35	0
72	0
66	1
50	1
70	NA
41	1
36	NA
25	0
46	1
35	NA
57	NA
50	1
41	1
45	1
69	1
21	NA
80	1
39	1
NA	0
38	1
38	0
41	1
26	1
40	1
NA	1
51	1
46	1
64	1
NA	0
35	0
62	1
70	0
50	1
67	1
NA	NA
73	1
33	0
31	0
20	1
NA	1
55	1
50	NA
70	1
39	1
51	1
61	0
23	0
32	1
69	1
57	0
44	NA
23	0
51	0
38	0
73	1
69	1
37	1
46	1
73	1
NA	1
73	NA
65	1
34	1
28	1
27	1
55	NA
55	1
65	1
71	1
30	1
50	1
74	1
53	0
29	1
72	1
NA	1
48	1
69	1
36	0
NA	1
26	1
23	1
60	1
54	0
27	1
45	1
69	1
30	1
80	1
65	1
76	1
39	1
60	1
40	1
37	0
42	1
63	1
54	1
25	1
29	1
25	1
73	1
22	0
80	1
36	1
39	1
35	1
25	1
29	1
48	1
64	1
80	1
80	NA
65	1
56	0
39	1
58	NA
56	1
65	1
80	1
48	1
65	1
30	1
80	NA
39	1
22	1
69	0
46	0
37	1
NA	1
31	1
65	1
67	1
80	1
57	1
56	1
31	1
44	1
33	1
73	NA
70	1
39	1
62	0
45	1
18	0
22	1
29	1
24	1
56	NA
33	1
55	1
34	1
70	1
60	1
32	1
41	0
48	1
51	1
53	1
80	0
34	1
65	1
65	NA
58	1
75	1
42	1
34	1
50	1
40	1
71	1
53	1
62	NA
43	1
64	1
47	1
58	1
52	1
61	1
80	0
69	1
64	NA
38	NA
57	0
71	1
32	1
70	1
40	1
66	1
33	0
33	NA
65	1
58	1
40	1
53	1
70	1
35	0
74	1
49	1
48	NA
79	1
33	1
60	1
67	1
42	1
NA	1
75	1
80	NA
60	0
33	0
59	1
27	1
67	1
35	NA
50	1
74	1
37	1
41	1
76	1
51	1
35	NA
76	1
73	1
36	1
58	1
41	1
23	1
50	1
70	1
61	1
44	1
24	1
71	1
45	1
NA	1
NA	1
73	1
59	1
21	0
41	1
61	0
18	1
19	NA
50	1
40	0
28	0
NA	1
34	1
30	1
64	NA
39	1
33	1
NA	NA
72	1
69	0
57	1
72	1
44	1
57	1
67	0
54	1
67	0
72	1
31	1
69	1
33	1
57	1
46	1
73	1
64	1
18	0
66	0
36	0
64	1
45	1
41	1
29	0
53	1
65	0
62	1
79	1
62	1
73	1
64	1
70	NA
52	1
20	NA
54	1
41	1
72	1
29	1
43	1
31	1
69	1
39	1
71	1
43	1
23	1
77	0
47	1
26	0
29	0
30	1
80	NA
43	1
50	1
28	NA
41	NA
46	1
39	NA
64	1
44	1
30	1
27	1
53	0
68	1
66	1
26	1
47	1
75	1
43	0
65	1
60	NA
39	0
56	1
80	1
NA	0
40	0
40	1
33	1
24	1
49	NA
80	0
57	1
NA	NA
71	1
37	0
74	NA
18	0
28	1
60	1
38	0
41	1
65	1
67	1
NA	1
66	1
46	1
40	1
56	NA
NA	1
73	1
71	0
80	1
51	NA
34	1
NA	NA
27	1
NA	NA
22	1
48	1
28	1
79	1
31	1
70	1
58	NA
80	1
55	1
60	1
57	1
68	1
73	1
75	1
27	1
76	NA
20	1
32	1
37	1
NA	0
78	1
53	1
26	1
64	NA
60	NA
55	1
20	1
58	1
75	1
63	NA
65	1
31	NA
50	1
67	0
60	1
80	1
64	1
24	1
74	0
60	1
65	1
75	1
30	1
30	0
45	1
43	NA
60	1
66	1
35	1
40	1
80	1
38	1
60	0
26	0
60	1
70	1
49	0
54	0
43	1
57	1
34	0
65	1
68	1
68	1
28	0
67	0
72	0
62	1
46	1
35	1
64	NA
49	0
27	1
61	1
68	NA
61	1
62	1
55	1
56	0
23	1
79	NA
80	1
80	1
80	0
39	1
18	1
29	1
67	1
68	1
22	1
NA	0
41	1
41	1
36	0
NA	1
NA	1
30	1
NA	1
20	NA
53	1
47	1
43	1
63	1
22	0
80	0
73	1
31	1
57	1
71	1
64	1
69	1
67	1
58	1
19	1
42	0
24	0
77	1
37	1
55	1
69	1
68	1
24	1
59	1
29	0
NA	NA
73	1
39	NA
NA	1
77	0
NA	1
NA	NA
53	1
53	1
68	1
40	1
25	0
40	1
43	0
51	1
57	1
65	1
80	1
42	NA
48	1
38	0
31	1
65	1
41	0
NA	1
80	0
40	0
38	1
68	0
30	1
65	1
66	1
51	1
51	1
20	1
32	1
41	1
57	1
54	NA
67	0
52	1
76	1
65	1
72	0
39	NA
47	1
40	1
27	NA
32	1
66	1
64	1
67	1
31	0
72	1
45	NA
24	0
29	1
39	1
52	1
57	1
56	1
27	1
46	1
57	1
75	1
54	0
71	1
42	1
58	NA
58	1
40	1
19	1
34	NA
53	1
72	1
44	0
36	1
25	1
55	1
33	1
78	1
51	NA
80	0
47	1
55	1
18	1
65	1
43	0
72	1
51	1
35	1
69	NA
75	0
63	NA
80	1
33	0
68	0
27	1
27	NA
33	0
30	1
53	1
58	NA
27	1
50	1
NA	1
37	1
63	1
19	NA
25	0
71	0
55	1
29	NA
52	0
31	1
52	1
66	1
66	1
57	1
39	1
21	1
34	1
NA	1
35	1
80	1
26	NA
75	0
34	NA
43	0
21	1
25	1
45	0
35	0
18	NA
39	1
71	1
NA	1
55	NA
NA	1
78	NA
44	1
68	1
35	1
63	0
72	1
74	1
NA	NA
76	1
26	0
39	1
31	0
34	0
38	0
58	0
63	1
73	1
43	1
80	1
29	1
71	1
49	1
63	1
34	1
65	1
31	1
79	NA
67	1
65	1
30	NA
50	1
71	1
73	1
50	1
30	NA
41	1
NA	1
18	1
77	1
19	1
40	1
74	1
37	0
75	1
37	NA
80	1
69	1
59	1
22	1
30	0
44	1
64	1
40	NA
61	1
29	1
78	1
71	1
45	NA
66	1
52	1
40	NA
41	0
31	1
66	0
24	NA
34	NA
41	1
24	1
29	0
36	1
41	1
80	1
57	NA
57	1
51	NA
66	1
45	1
25	0
28	1
72	0
36	1
21	1
64	1
33	NA
47	1
28	1
40	0
27	1
68	NA
19	1
39	1
20	0
46	1
55	1
56	1
68	1
74	1
28	1
68	1
21	1
61	1
31	NA
NA	0
72	1
72	1
59	0
62	1
NA	NA
35	1
38	1
21	1
48	1
41	1
46	1
34	0
44	1
61	1
48	1
35	0
35	0
58	NA
68	1
60	1
70	1
63	1
47	1
68	0
66	1
30	1
25	0
52	1
37	1
75	1
57	NA
50	1
63	1
39	1
63	1
47	1
32	1
67	1
61	1
35	0
77	0
53	0
23	0
27	0
NA	0
80	1
35	NA
79	1
49	0
57	1
70	1
33	1
60	1
32	1
55	1
67	1
NA	1
29	1
34	1
60	1
NA	NA
57	1
80	0
24	0
47	NA
34	NA
75	1
38	1
32	0
29	1
71	1
61	1
37	1
66	1
37	1
NA	1
75	1
29	1
56	1
31	0
65	1
33	1
64	0
23	NA
39	1
29	1
27	NA
37	NA
30	NA
42	1
29	1
53	0
80	1
67	1
NA	1
73	1
70	1
33	1
53	1
58	1
39	1
45	0
65	1
58	NA
66	1
51	1
51	0
55	1
29	1
32	1
26	0
73	1
24	NA
74	1
46	1
48	1
54	1
27	1
32	0
42	1
36	1
47	1
39	1
52	1
60	1
80	1
64	1
61	1
72	1
58	0
44	NA
75	1
77	1
67	1
65	1
58	1
67	1
49	1
55	1
25	0
70	NA
67	1
33	1
38	0
44	1
80	0
27	1
76	1
33	1
72	1
80	NA
53	1
80	1
68	1
42	1
74	1
NA	1
68	1
55	1
35	1
80	1
60	1
80	1
74	1
29	1
61	1
43	1
68	1
57	1
23	0
78	1
64	1
76	1
NA	1
58	1
68	1
68	1
59	1
41	0
30	1
35	NA
69	1
NA	1
21	1
NA	NA
34	0
80	NA
49	1
73	NA
62	1
46	0
52	1
57	1
44	0
40	1
44	1
44	1
72	1
71	NA
36	1
56	NA
56	1
66	1
66	1
NA	1
48	1
44	1
30	0
80	1
80	1
37	NA
30	1
36	1
34	1
59	1
51	0
NA	1
30	NA
80	1
80	1
25	1
58	NA
65	NA
38	1
61	1
38	1
33	1
NA	0
64	NA
70	1
28	1
34	0
38	NA
66	1
34	1
40	1
60	1
20	1
60	1
56	1
72	NA
68	1
56	0
60	NA
56	0
39	1
38	1
65	1
22	1
39	1
66	1
44	1
46	1
80	1
49	1
50	1
70	1
57	1
NA	1
41	1
46	1
80	1
38	1
33	0
34	0
NA	1
33	0
19	0
26	0
29	0
38	1
56	1
75	1
29	0
47	0
20	NA
54	1
60	1
27	0
25	0
35	1
70	NA
77	NA
56	1
37	0
56	1
49	1
62	NA
80	NA
28	1
40	1
68	1
39	NA
61	0
45	0
78	1
71	1
63	1
61	1
NA	0
66	1
36	1
NA	NA
77	1
80	1
65	1
55	0
33	1
60	1
65	1
74	1
78	NA
48	1
30	1
24	1
38	1
63	1
33	1
75	1
69	NA
64	1
NA	1
37	0
NA	1
51	1
57	1
27	1
46	0
41	1
37	1
42	1
52	0
36	NA
28	0
66	1
44	1
56	0
26	1
28	1
35	0
60	1
67	0
75	1
29	1
70	1
76	1
NA	1
78	1
48	1
52	0
28	1
NA	1
32	0
55	NA
37	1
45	1
61	1
52	0
32	1
30	1
44	1
59	0
76	1
27	1
55	1
75	1
48	1
32	1
44	1
77	1
52	1
65	1
66	1
36	0
58	NA
80	1
30	1
18	1
47	1
54	1
46	0
NA	NA
38	1
60	1
80	0
41	1
23	NA
71	1
27	1
70	1
78	1
19	NA
64	1
51	0
32	1
54	1
56	1
44	1
69	1
65	NA
26	1
26	1
69	1
48	0
49	1
33	0
19	1
47	1
38	1
45	1
62	1
56	NA
32	0
53	1
35	NA
59	1
NA	0
27	1
54	1
69	NA
48	1
56	1
36	0
63	1
80	1
48	1
25	0
21	1
NA	1
45	NA
18	NA
41	1
57	1
66	0
63	1
NA	0
25	NA
80	1
64	1
24	1
47	1
31	1
30	1
49	NA
40	1
67	1
57	1
28	1
18	0
66	0
69	1
59	1
55	NA
23	1
34	1
38	1
64	1
44	NA
57	1
35	1
43	1
73	1
30	0
28	0
31	1
54	1
43	NA
40	1
66	1
32	0
NA	1
58	1
34	1
78	1
35	1
39	1
61	1
59	1
47	1
59	1
21	1
37	1
22	1
49	1
31	1
21	1
32	1
73	1
42	1
42	1
51	1
42	1
65	1
57	1
70	0
65	1
28	NA
60	1
63	1
80	1
59	0
47	1
71	1
NA	1
69	1
32	1
66	1
67	1
36	1
53	1
56	1
66	0
26	0
NA	1
24	0
29	1
60	1
51	1
76	1
38	1
27	0
64	NA
53	NA
49	1
47	1
73	1
44	1
24	1
66	1
53	1
36	1
41	0
43	1
26	NA
58	1
60	1
76	1
30	0
65	1
57	NA
49	1
NA	1
74	0
66	1
53	NA
60	0
54	1
59	1
29	1
27	1
60	0
64	1
56	1
48	NA
48	0
80	1
75	1
47	1
43	1
80	1
41	0
70	1
69	1
51	0
57	1
30	NA
70	1
61	1
79	1
41	1
74	1
30	1
19	0
49	NA
76	1
56	1
35	1
29	0
NA	1
53	1
58	1
38	1
71	1
45	0
70	1
57	1
34	1
59	1
67	1
30	1
NA	1
60	1
80	0
65	1
36	1
54	1
NA	NA
75	1
41	0
45	1
80	1
27	1
65	1
68	1
70	1
34	0
70	1
26	1
NA	0
75	1
NA	1
19	0
61	0
66	0
74	1
76	1
80	1
67	1
57	1
39	NA
32	0
62	NA
76	1
58	0
73	1
59	0
28	0
29	NA
71	1
69	1
34	1
25	0
68	1
NA	NA
55	1
24	1
72	1
36	0
62	0
45	1
38	1
60	1
62	1
54	1
54	1
33	1
46	1
80	1
54	1
44	NA
58	1
20	1
50	1
NA	1
53	0
36	1
39	1
62	1
38	0
50	1
64	1
64	0
44	1
75	1
62	1
NA	0
38	1
19	NA
NA	0
37	0
56	1
35	NA
25	1
80	1
37	1
77	1
54	1
80	NA
62	0
38	1
80	1
32	1
54	1
67	1
46	NA
29	1
49	0
80	1
27	0
45	1
52	1
22	1
37	1
67	1
22	1
27	1
33	1
58	0
59	1
26	1
59	1
80	0
41	1
48	1
69	1
NA	1
65	1
64	1
79	0
39	1
48	1
66	1
67	1
24	1
52	1
73	1
69	0
55	1
37	1
51	1
24	1
31	1
NA	NA
42	NA
36	0
58	1
30	1
26	1
68	1
67	1
62	1
26	1
35	0
31	1
33	1
59	1
28	1
39	0
19	1
NA	NA
46	1
62	1
20	1
66	1
41	0
42	1
33	0
34	0
38	1
38	1
66	1
39	1
27	1
65	1
36	0
30	0
49	1
50	NA
80	1
42	1
80	1
72	1
45	0
58	NA
68	1
37	NA
62	1
80	1
73	1
79	1
55	1
73	1
80	0
47	1
21	0
68	1
37	1
61	1
77	0
52	1
NA	1
61	1
43	1
69	1
NA	1
53	1
55	1
69	1
53	1
64	1
56	1
60	1
NA	1
24	NA
66	1
38	1
NA	0
77	0
75	1
53	1
60	1
NA	NA
73	1
77	1
32	1
40	0
42	NA
60	NA
53	1
65	1
42	1
60	1
59	0
76	1
55	1
44	1
NA	1
66	1
62	1
75	1
35	1
47	1
52	1
61	1
27	1
43	1
29	1
73	1
54	1
50	1
56	1
76	NA
NA	1
40	1
68	1
63	1
64	1
59	NA
25	0
29	0
68	1
36	NA
62	1
80	0
NA	1
24	1
32	1
NA	0
NA	0
26	1
64	0
80	1
59	1
79	1
39	0
76	1
23	1
65	1
62	1
63	1
NA	NA
28	1
62	NA
80	1
65	1
38	1
41	1
33	0
64	0
46	1
80	1
61	0
80	1
31	0
23	1
63	1
47	1
69	1
48	0
66	1
58	1
51	NA
68	1
56	1
73	1
46	0
59	1
66	1
20	1
27	NA
NA	1
60	1
78	1
52	1
NA	NA
72	1
29	0
45	1
74	0
63	0
47	1
65	1
71	1
37	0
20	1
80	0
47	1
68	1
44	1
59	0
70	1
73	1
26	1
25	0
22	1
71	1
41	1
20	1
76	1
60	NA
33	1
38	1
20	0
76	1
22	0
64	NA
21	NA
80	1
37	1
69	NA
47	1
59	1
77	1
58	NA
50	1
35	0
52	1
56	1
62	1
49	0
27	1
51	1
31	0
34	1
29	NA
40	0
50	1
29	NA
73	NA
42	0
37	1
80	NA
61	1
50	1
62	0
64	1
40	1
29	1
NA	1
69	1
63	1
80	NA
69	1
NA	1
26	1
59	1
NA	1
65	1
39	NA
73	1
51	1
51	1
64	1
46	1
NA	1
49	NA
46	NA
31	1
62	1
46	1
41	0
63	1
NA	1
55	NA
34	1
72	1
68	1
55	1
35	1
60	0
64	1
21	NA
46	1
25	1
75	NA
50	1
41	0
33	1
70	1
36	1
20	1
53	0
33	1
24	1
49	1
41	1
71	1
80	1
26	1
80	1
40	NA
80	NA
49	NA
36	1
57	1
29	0
34	NA
63	1
18	0
41	NA
NA	0
30	1
36	0
NA	1
28	NA
54	0
37	1
78	0
38	1
28	1
41	1
57	1
NA	1
36	1
76	0
33	0
51	1
59	1
69	1
64	1
67	0
77	1
34	1
57	1
72	1
42	1
26	NA
69	1
46	1
36	1
69	1
50	1
49	1
50	1
46	1
24	NA
71	1
76	1
25	0
28	0
37	0
70	1
45	0
62	1
46	1
65	1
65	1
44	1
28	1
31	NA
30	1
80	1
41	0
58	1
29	1
78	1
50	1
35	0
75	1
60	1
45	1
74	1
44	1
35	1
66	1
25	1
35	1
19	0
NA	1
75	0
80	1
37	1
36	NA
63	1
NA	1
28	1
NA	NA
71	1
62	NA
59	0
49	1
61	1
30	1
75	0
68	0
48	1
27	1
72	1
36	1
29	NA
72	1
NA	1
NA	1
24	1
NA	1
27	0
50	1
54	1
30	1
34	NA
NA	0
48	NA
74	0
50	1
56	1
78	1
45	1
40	0
41	1
36	1
77	1
50	0
48	0
68	1
50	1
18	1
67	1
39	1
52	0
73	1
67	1
65	1
30	1
71	1
55	0
46	1
24	1
34	1
65	1
80	1
52	NA
23	NA
50	1
45	1
65	1
37	1
30	NA
79	1
67	1
NA	NA
50	NA
NA	1
71	1
37	0
38	1
44	1
37	1
50	1
45	1
41	NA
NA	0
73	1
23	1
59	0
NA	1
39	NA
67	1
46	0
67	1
54	0
59	1
80	1
25	1
18	1
62	NA
37	1
32	1
54	1
33	NA
60	0
74	1
34	1
62	1
36	1
44	1
57	1
74	0
44	0
45	0
30	1
24	0
63	1
66	1
54	1
75	1
31	1
58	1
45	1
74	1
29	1
32	1
35	1
63	1
32	NA
35	NA
68	1
31	1
50	1
77	1
41	1
37	1
50	1
40	0
35	1
25	1
33	1
65	NA
68	1
53	NA
78	1
40	1
47	1
44	NA
66	1
76	1
67	NA
NA	1
68	1
76	1
64	1
29	1
44	1
36	1
52	1
33	1
51	1
25	1
66	1
38	NA
42	1
65	1
55	0
20	1
76	1
26	0
36	1
34	0
39	1
21	0
38	1
34	NA
67	1
63	0
41	1
75	NA
68	1
73	1
20	1
31	1
34	1
32	1
50	1
NA	1
33	1
65	1
71	1
44	1
54	0
66	1
44	1
52	NA
70	NA
34	1
43	1
36	0
58	1
NA	1
75	1
53	1
65	1
52	1
35	1
63	0
28	1
33	0
25	1
65	NA
65	1
48	1
25	1
64	1
80	1
49	0
67	1
59	1
39	1
61	1
40	0
52	1
46	1
51	1
NA	1
63	1
31	0
80	1
80	1
51	1
59	0
55	1
29	NA
20	0
80	1
47	0
28	1
48	1
63	1
33	0
55	1
29	1
51	0
38	1
NA	NA
80	1
34	1
43	0
41	1
51	1
58	1
35	NA
55	1
35	1
38	1
39	1
39	1
60	0
56	1
60	NA
NA	1
32	1
24	1
42	0
72	1
35	1
NA	1
30	1
60	1
71	1
63	1
32	1
27	1
44	1
62	1
80	1
63	1
43	1
78	NA
73	NA
18	1
31	1
19	0
70	1
35	1
74	0
37	0
37	0
73	1
57	0
21	1
29	1
52	1
33	1
40	1
80	1
30	1
29	1
40	1
74	1
25	0
64	0
50	1
48	1
25	0
80	1
60	NA
72	1
69	1
19	1
80	1
49	1
54	1
46	1
80	1
29	1
27	0
23	0
NA	1
NA	0
77	1
68	0
77	1
80	0
68	1
73	1
35	1
26	1
46	1
55	0
35	1
41	1
26	1
NA	1
65	NA
80	NA
59	1
58	1
45	1
NA	1
53	1
NA	1
41	1
34	1
36	1
NA	1
69	1
29	1
30	1
NA	1
75	1
69	1
73	1
52	1
32	1
76	1
55	1
80	NA
28	1
49	1
52	1
68	1
19	1
80	0
51	1
77	1
64	NA
65	1
33	1
30	1
38	1
66	1
20	1
80	1
72	1
67	1
48	1
21	1
78	1
34	1
80	0
34	NA
41	1
73	1
38	1
69	1
76	1
53	1
49	1
40	NA
80	1
28	1
57	1
71	1
38	1
79	NA
36	1
21	NA
42	1
61	1
53	1
NA	1
79	1
63	1
37	1
64	NA
63	0
56	1
40	NA
56	1
77	1
26	1
80	1
43	NA
28	NA
33	1
67	1
61	1
48	1
62	NA
55	1
67	NA
36	0
78	0
36	1
64	1
45	1
38	1
24	0
65	1
NA	NA
37	1
58	1
62	1
44	1
54	0
42	1
37	0
NA	0
32	1
67	1
19	1
34	1
63	NA
55	1
NA	1
80	NA
27	1
38	0
46	0
48	1
60	NA
48	1
49	1
80	1
39	NA
27	1
61	1
37	1
69	1
19	1
55	1
72	1
20	1
65	1
69	1
79	1
27	1
53	1
35	0
59	1
47	1
39	1
64	0
76	1
61	0
70	1
80	1
67	1
24	1
50	NA
34	1
43	1
51	1
63	1
37	NA
75	1
71	1
27	NA
80	1
52	1
68	1
19	1
57	1
58	1
40	1
30	1
59	1
71	1
73	1
NA	1
73	NA
68	1
47	1
63	0
48	1
59	0
35	0
73	1
56	1
70	1
80	1
34	0
72	1
59	1
61	1
69	1
NA	NA
74	1
50	NA
31	1
62	NA
60	NA
63	NA
56	1
32	0
65	1
59	1
77	1
69	1
26	1
NA	1
38	1
30	1
60	1
36	1
68	1
26	1
80	1
32	1
NA	0
80	NA
31	1
37	0
26	1
20	0
72	1
75	1
47	1
18	0
27	1
48	1
74	NA
69	1
52	1
63	NA
58	1
55	1
80	1
46	1
77	1
NA	1
56	1
42	1
63	1
24	1
42	1
67	1
78	1
65	0
25	1
24	1
40	1
60	0
48	0
32	0
49	1
71	1
72	NA
80	1
NA	1
70	1
33	1
34	0
80	1
54	NA
53	1
59	1
38	1
27	1
51	1
53	NA
31	1
31	1
75	1
73	1
34	1
40	NA
64	1
21	0
NA	1
53	1
61	1
80	1
65	1
25	NA
64	1
NA	1
70	1
58	1
67	1
58	NA
65	1
76	NA
32	1
45	1
52	1
34	0
21	NA
59	1
57	1
80	1
68	0
76	1
80	NA
62	1
75	1
26	1
62	1
36	1
40	1
42	1
52	1
63	1
40	1
69	1
29	NA
68	1
NA	NA
72	1
40	NA
69	1
62	1
56	1
70	1
46	1
63	1
33	1
30	1
36	1
48	1
31	1
65	1
57	NA
58	1
31	1
46	NA
77	1
73	1
27	1
30	0
80	NA
63	1
59	1
66	1
80	NA
37	1
50	0
27	0
23	1
30	1
32	1
65	1
45	1
60	1
21	NA
68	1
40	1
49	NA
20	1
51	1
42	1
56	1
21	1
35	1
32	0
41	1
20	NA
67	1
19	1
23	1
50	1
34	1
35	1
42	1
NA	1
28	1
33	1
75	NA
40	1
61	1
32	1
42	NA
34	0
49	NA
64	NA
38	1
65	NA
36	1
66	1
71	1
32	1
65	1
54	1
51	0
38	1
NA	1
44	0
60	1
46	1
72	1
22	1
69	1
74	1
73	1
77	1
73	1
51	1
59	1
70	0
53	1
75	1
50	1
80	1
43	NA
80	1
80	1
34	1
67	1
57	1
64	NA
51	1
56	1
42	1
NA	1
74	0
66	1
44	1
27	NA
25	1
51	1
52	1
73	1
35	1
43	1
45	1
NA	1
27	1
27	NA
37	0
52	1
73	1
40	1
69	1
NA	1
30	1
26	1
29	1
51	NA
57	1
52	0
75	0
25	1
NA	1
48	1
30	0
25	NA
39	1
21	1
32	0
30	1
52	NA
65	1
63	0
38	1
56	1
73	1
34	1
56	NA
38	1
61	1
75	1
42	1
59	1
61	0
38	1
34	1
36	0
74	1
64	1
22	0
77	1
NA	NA
37	1
36	1
51	1
27	1
37	1
49	1
28	0
40	1
46	0
21	0
63	1
68	1
27	1
80	NA
77	1
64	1
29	1
29	0
60	NA
22	1
39	1
67	1
53	1
63	0
50	1
49	1
57	1
70	0
28	1
47	1
28	0
55	1
62	1
62	1
47	1
80	0
80	1
57	NA
56	1
77	NA
24	0
65	1
30	1
66	1
45	1
26	1
28	0
36	1
36	1
76	NA
59	1
NA	1
57	NA
35	1
42	1
35	1
41	1
37	1
53	1
26	0
45	0
32	0
37	1
38	0
50	0
36	1
53	0
NA	1
25	1
42	1
25	1
61	1
27	1
41	0
56	1
31	1
26	1
61	1
44	1
77	1
27	0
77	1
NA	1
31	NA
47	1
27	1
69	1
66	1
NA	1
65	NA
18	NA
64	1
22	1
42	1
54	1
52	1
80	1
28	1
63	1
34	1
72	1
63	1
35	1
NA	1
69	NA
57	1
28	0
67	1
66	1
41	1
65	1
36	1
72	1
60	0
25	0
51	1
42	0
55	1
39	1
32	0
30	NA
42	1
40	1
59	1
NA	1
80	1
57	1
80	1
36	1
27	1
32	0
67	1
52	1
69	1
57	1
18	0
52	1
39	1
62	1
NA	NA
60	1
35	0
27	0
27	0
34	1
68	1
32	1
35	1
62	NA
80	0
NA	1
60	1
34	1
55	1
51	1
39	1
64	1
63	1
46	1
72	1
80	1
66	0
60	1
21	0
35	1
22	1
39	NA
25	1
NA	1
32	1
48	1
NA	1
30	1
52	1
60	1
39	1
49	0
48	NA
68	1
51	1
78	1
58	1
80	NA
45	1
63	0
38	1
80	1
71	1
54	1
69	1
22	1
58	1
34	1
48	1
80	1
51	1
71	1
61	1
NA	NA
78	1
57	1
44	0
NA	1
63	1
47	1
26	1
57	0
56	0
53	1
48	1
50	1
34	1
73	1
57	1
41	1
59	1
67	NA
54	NA
72	1
33	0
54	1
22	0
44	1
30	1
74	NA
37	1
28	0
18	1
56	NA
39	1
71	1
23	0
47	1
45	1
28	0
38	1
70	1
NA	0
39	NA
34	1
43	0
46	NA
69	NA
80	1
54	1
64	1
70	0
NA	1
NA	1
46	1
73	0
42	1
43	1
64	1
59	0
34	1
50	NA
57	NA
38	1
76	NA
51	1
30	0
48	1
47	1
62	1
80	1
35	1
72	1
58	0
40	1
72	1
35	NA
37	1
70	1
52	NA
64	1
76	1
21	1
22	0
49	1
36	1
71	1
40	1
80	0
67	1
73	1
21	1
59	1
25	NA
32	NA
68	1
60	1
63	0
44	1
41	1
52	1
44	0
60	0
36	0
47	1
80	1
43	1
66	1
68	1
80	NA
48	1
59	1
19	1
55	1
25	1
25	1
26	NA
24	1
70	1
60	1
64	1
64	1
73	1
79	1
80	1
73	1
38	1
70	1
43	1
65	1
56	1
50	1
74	1
47	1
61	1
72	1
NA	1
27	0
53	1
50	0
60	1
35	1
38	1
35	0
46	0
59	1
60	1
52	1
30	1
38	0
54	0
46	0
29	1
37	1
36	1
NA	NA
62	1
77	1
72	1
50	NA
33	1
20	NA
60	1
40	0
53	1
44	1
74	1
76	1
31	0
35	1
58	1
76	1
44	NA
59	NA
NA	NA
64	1
40	1
60	1
18	1
51	1
73	1
57	1
80	NA
20	0
50	1
56	1
46	NA
39	1
58	1
23	1
66	1
67	1
51	1
44	1
26	1
26	0
67	1
30	0
19	NA
70	1
NA	1
63	1
70	1
NA	NA
56	1
28	1
47	1
48	1
65	1
72	0
41	1
35	1
68	1
42	NA
74	NA
58	NA
50	1
62	1
NA	1
27	0
58	1
66	1
36	1
58	0
70	1
33	1
59	1
51	1
61	1
19	0
23	1
68	1
70	1
43	1
48	1
49	1
59	0
42	0
48	0
66	NA
78	1
51	1
44	0
48	1
79	1
42	1
45	NA
30	1
28	1
33	1
46	1
44	1
73	1
73	0
71	1
39	1
59	1
19	1
64	0
NA	1
24	0
42	1
80	1
36	NA
65	1
26	0
18	1
73	1
46	1
77	1
50	1
37	1
80	1
68	NA
20	1
39	1
33	1
62	1
50	NA
77	NA
49	0
NA	1
51	0
46	1
38	0
64	1
36	1
NA	1
36	1
25	0
37	1
NA	1
65	1
72	NA
23	0
39	1
74	1
49	NA
80	1
56	1
41	1
61	1
33	NA
NA	1
65	1
79	1
54	1
75	1
43	0
66	NA
60	1
34	1
74	NA
60	1
66	0
55	1
54	1
42	1
78	0
65	1
63	1
51	1
33	NA
23	1
27	0
68	NA
42	NA
71	1
80	1
27	0
57	1
42	0
67	1
68	1
26	1
61	1
72	1
76	1
53	1
54	1
24	0
61	1
65	NA
36	1
80	NA
63	1
NA	1
64	1
69	NA
44	1
32	1
70	0
64	1
58	1
23	0
71	1
67	NA
77	1
21	NA
65	1
32	0
50	1
31	0
80	1
41	1
28	NA
47	1
79	1
70	1
30	1
31	0
77	1
20	NA
19	1
27	0
40	1
28	1
79	0
43	1
39	0
61	1
50	1
64	1
74	1
31	1
33	1
31	0
70	0
47	1
58	1
22	0
54	1
75	1
63	1
71	0
44	NA
80	1
48	NA
72	1
31	1
61	1
61	1
44	NA
51	1
43	0
75	1
59	1
43	1
78	1
62	1
55	1
26	1
72	1
60	NA
80	1
19	0
20	NA
65	1
69	1
45	NA
23	NA
63	0
27	1
71	1
73	1
57	1
56	NA
64	0
29	1
48	1
54	1
21	NA
53	1
41	1
27	1
80	1
78	1
29	NA
74	0
45	1
54	1
59	1
65	1
49	1
69	1
36	0
36	NA
66	1
59	NA
33	1
72	0
68	1
67	1
51	1
67	1
50	1
67	1
68	NA
67	1
27	0
67	1
19	1
63	0
60	0
39	1
38	1
36	0
46	0
36	1
57	1
32	1
61	1
70	1
65	1
71	1
65	0
65	0
75	1
39	0
27	NA
64	0
65	NA
56	0
50	1
75	NA
66	0
27	NA
41	1
60	1
58	1
74	0
65	1
63	1
27	1
48	1
38	1
63	1
41	1
32	1
63	1
61	1
44	1
31	NA
27	0
28	1
79	NA
38	1
59	1
59	1
36	NA
53	NA
70	1
50	1
30	1
66	1
65	1
31	0
80	1
33	1
76	0
69	NA
48	1
33	NA
57	1
36	NA
77	1
69	1
79	1
37	NA
59	1
80	0
32	1
47	NA
60	1
23	1
51	NA
42	0
25	NA
55	1
72	1
58	1
31	NA
78	1
56	1
71	1
65	1
69	1
50	1
80	1
36	0
44	1
53	1
45	NA
25	NA
52	0
34	1
78	1
45	NA
NA	0
23	0
51	1
80	0
72	0
41	1
24	NA
30	0
55	1
49	1
74	1
48	NA
64	1
80	NA
27	0
NA	1
28	1
50	0
49	1
65	1
49	1
40	1
21	1
69	0
68	1
23	1
32	NA
59	1
51	1
52	1
22	0
80	1
47	1
67	1
29	1
62	1
65	1
47	1
20	0
30	NA
72	1
57	1
48	NA
70	1
61	1
77	1
80	1
80	1
33	1
18	1
32	1
25	NA
68	1
54	0
58	0
35	1
27	1
67	0
65	1
80	1
66	1
46	0
72	1
80	0
63	1
47	1
72	1
61	1
61	1
26	0
48	1
74	1
79	NA
23	1
79	1
70	1
30	NA
54	1
68	1
47	1
50	1
18	NA
63	1
74	1
29	1
80	1
60	1
28	1
52	1
37	1
25	1
40	1
27	NA
49	NA
33	1
51	1
80	1
28	1
33	NA
28	NA
64	1
62	1
26	0
45	1
79	NA
72	1
64	NA
58	1
50	1
54	1
33	0
60	1
60	1
32	1
59	0
64	1
23	0
21	1
72	1
74	1
34	NA
62	1
56	1
19	1
64	1
61	NA
72	1
37	NA
37	1
66	0
35	1
46	1
73	1
28	0
62	1
61	1
31	1
50	0
45	1
67	1
51	1
71	1
67	NA
NA	NA
64	1
73	1
29	1
73	1
35	1
80	1
63	1
56	1
38	NA
42	1
36	0
31	1
25	1
75	NA
54	NA
27	1
28	1
59	1
35	1
32	0
40	1
80	0
37	0
NA	NA
65	0
35	0
NA	1
69	1
76	1
20	1
75	1
19	0
24	1
46	NA
32	0
71	1
61	1
44	1
39	1
58	1
71	1
45	0
37	1
26	NA
36	NA
63	1
41	0
58	1
50	NA
54	1
32	1
34	1
48	1
68	1
31	NA
57	1
58	1
30	NA
47	NA
45	0
56	1
37	1
66	1
54	0
39	1
49	1
53	1
65	NA
61	1
65	1
24	1
74	1
26	1
43	0
59	1
80	1
69	1
63	0
45	1
80	1
50	0
34	1
75	1
38	1
80	1
51	0
28	1
39	1
71	1
66	0
42	1
27	0
55	1
52	0
38	1
42	1
64	1
45	NA
27	0
25	1
38	0
42	1
49	1
22	0
59	NA
57	1
49	NA
39	1
73	1
73	1
43	1
45	1
66	1
72	1
58	0
38	0
60	1
32	0
60	1
45	1
32	NA
59	1
40	0
72	NA
62	1
28	1
72	1
65	1
50	0
33	NA
32	1
19	0
27	0
58	0
69	1
33	NA
67	NA
63	1
69	1
32	1
48	1
45	0
57	NA
47	NA
57	1
56	NA
30	NA
NA	NA
70	1
55	1
59	1
80	1
69	1
25	1
55	1
60	1
44	1
30	NA
80	1
44	1
73	NA
78	1
23	NA
77	1
25	0
40	NA
45	1
47	NA
64	1
45	1
35	0
76	0
58	0
48	1
42	1
28	NA
56	0
43	NA
52	1
46	1
63	1
32	0
79	0
47	0
80	1
34	1
76	1
55	1
22	1
35	1
51	NA
32	1
60	1
35	1
31	0
35	1
69	1
73	1
74	1
50	NA
45	1
67	1
38	1
65	1
34	1
29	1
33	1
38	1
71	1
30	1
42	1
18	1
62	1
53	1
29	1
22	NA
73	0
30	0
51	1
57	1
38	1
35	1
69	1
80	NA
78	1
38	1
62	1
32	1
38	0
28	1
30	1
62	NA
25	0
25	1
44	0
35	1
60	1
24	1
69	1
36	1
79	1
78	1
66	1
44	1
67	1
43	1
18	1
64	0
27	NA
70	1
41	0
62	1
80	1
NA	NA
33	NA
69	1
27	NA
25	1
69	1
40	1
43	0
29	1
33	0
55	1
41	NA
56	1
65	0
39	1
74	NA
24	NA
73	1
51	1
56	0
40	1
43	0
69	1
48	1
72	0
62	1
32	0
66	1
62	1
30	1
56	1
40	1
30	1
59	1
36	NA
58	NA
79	1
61	1
51	0
71	1
37	1
75	NA
45	1
50	0
67	0
51	0
73	1
35	1
59	0
42	NA
70	NA
77	1
64	0
60	1
59	1
73	0
66	1
40	1
40	1
33	0
52	NA
19	1
57	1
43	0
65	1
30	1
52	1
55	1
25	1
49	1
50	1
70	0
76	1
74	1
37	0
71	NA
27	1
55	1
28	1
80	0
31	1
27	1
59	1
49	NA
27	1
NA	0
35	0
53	1
25	0
69	0
69	0
49	1
58	1
80	1
22	1
37	1
25	1
45	0
30	1
80	1
26	0
46	0
46	1
68	1
67	1
NA	0
50	NA
47	1
65	1
54	1
26	0
52	1
45	1
65	0
38	1
